-0.0706959706959707
0.0
-0.125
0.04
0.0
0.1111111111111111
0.15263157894736842
0.0
0.1111111111111111
0.0
1.0
0.19047619047619047
0.0
0.0
0.0
0.8833333333333333
-0.09555555555555556
0.3333333333333333
0.05263157894736842
0.25
0.0
0.3333333333333333
0.2121212121212121
0.125
0.0
0.14285714285714285
0.0
0.2037037037037037
0.0
0.0
0.0
0.11011904761904762
0.0
0.09090909090909091
0.1
0.0
0.0
0.0
0.5
0.0
0.5635531135531138
0.02236842105263158
0.25
0.18382352941176472
0.125
0.0
0.3333333333333333
0.0
0.16666666666666666
0.0
0.1111111111111111
0.125
0.0
0.058823529411764705
