0.0
0.0
-0.1
-0.04807692307692307
0.04
0.2111111111111111
0.0
0.0
0.16374269005847952
-0.047619047619047616
0.0
-0.14285714285714285
1.0
0.0
0.0
0.3787878787878788
0.41833333333333333
0.4970760233918128
0.25
0.3833333333333333
0.0
0.0
0.0
0.5
0.0
0.16666666666666666
0.17989417989417988
0.0
0.0
0.0
0.09090909090909091
0.6
0.0625
0.0
0.0
0.0
0.047619047619047616
0.125
0.0
0.0
0.45
0.3611111111111111
-0.377141382868937
0.75
0.11355311355311354
0.16666666666666666
0.05555555555555555
0.0
0.0
0.0
0.125
0.2153891859774213
0.0
0.0
0.0
0.0
-0.11904761904761904
0.0
0.5464988228146123
-0.05555555555555555
-0.18333333333333335
0.0625
0.0
0.0
0.06666666666666665
0.0
0.16666666666666666
0.1111111111111111
0.0
0.6666666666666667
-0.06084656084656084
0.1212121212121212
0.12318840579710144
1.0873015873015872
-0.3333333333333333
0.041666666666666664
1.0
0.0
0.0
0.0
0.35181159420289854
0.18055555555555555
0.5670995670995671
0.48168498168498164
-0.16666666666666666
0.05555555555555555
0.0
0.0
0.14285714285714285
0.8333333333333333
0.0
0.9782608695652174
-0.041666666666666664
0.4611111111111111
0.0625
0.1736111111111111
0.39215686274509803
0.0
0.029411764705882353
0.07142857142857142
0.0
0.19285714285714284
-0.3333333333333333
-0.1111111111111111
0.16666666666666666
-0.1383116883116883
-0.15
0.0
-0.03888888888888892
0.9038901601830663
0.2980769230769231
0.0
-0.011204481792717089
1.0588235294117647
-0.04567307692307693
-0.8795986622073579
0.1372549019607843
0.0
0.0
0.20238095238095238
0.0
-0.5
0.0
0.0
0.0
0.21287878787878786
-0.04
0.0069444444444444475
0.1175213675213675
0.1111111111111111
0.175
-0.20833333333333331
0.0
0.024390243902439025
0.0
1.8166666666666664
-0.0625
0.9467787114845938
-0.2944444444444444
-0.08333333333333333
0.0
0.1111111111111111
0.045454545454545456
0.3269230769230769
-0.08333333333333333
-0.025462962962962965
0.2
0.0
0.0
0.14285714285714285
0.125
0.025
0.0
0.041666666666666664
0.0
0.17424242424242425
-0.1420106639146887
-0.09022556390977443
1.0492424242424243
0.043478260869565216
0.0
0.0
-0.04166666666666666
0.06666666666666667
0.14358974358974358
0.0625
-0.05263157894736842
0.1303030303030303
1.366666666666667
-0.14285714285714285
0.0625
0.0
0.0625
0.05
0.05
0.0
0.0
0.0
0.0
0.0
