-0.125
-0.023076923076923078
0.0
0.04
-0.047619047619047616
0.0
0.05263157894736842
0.1111111111111111
0.1111111111111111
0.1
-0.14285714285714285
0.0
1.0
0.0
0.0
0.012631578947368417
0.5
0.0
0.9666666666666666
0.2777777777777778
0.0
0.16666666666666666
0.4583333333333333
0.045454545454545456
0.0
0.0
0.16666666666666666
0.14285714285714285
0.037037037037037035
0.0
0.0
0.0
0.13852813852813853
0.0625
0.1
0.0
0.0
0.0
0.5
0.0
0.9821428571428572
0.4230769230769231
0.05555555555555555
-0.1165204678362573
0.13382352941176473
0.0
0.16666666666666666
0.0
0.0
0.0
