0.0
0.0
-0.06150793650793651
0.11692307692307694
0.05263157894736842
0.1111111111111111
0.0
0.0
0.0
0.0
-0.14285714285714285
1.0
0.0
0.0
0.0
-0.04
0.2777777777777778
0.875
0.09808612440191387
0.7166666666666666
0.3333333333333333
0.0
0.0
0.0
0.0
0.0
0.037037037037037035
0.16666666666666666
0.0
0.0
0.14285714285714285
0.25757575757575757
0.0
0.11011904761904762
0.1
0.5
0.0
0.0
0.0
0.0
1.1140350877192984
0.00555555555555555
-0.125
0.18382352941176472
-0.033669108669108674
0.3333333333333333
0.0
0.16666666666666666
0.0
0.0
0.045454545454545456
0.0
0.125
0.058823529411764705
0.0
0.19047619047619047
0.19444444444444445
-0.06565656565656565
0.1111111111111111
0.05263157894736842
0.0
0.06666666666666665
0.0
0.0
-0.016666666666666677
1.1428571428571428
0.0
0.0625
0.0
-0.16666666666666666
-0.24603174603174602
0.28787878787878785
-0.08051529790660225
0.6666666666666667
0.1111111111111111
0.0
1.0
0.0
0.0
0.041666666666666664
0.4816849816849817
0.45119047619047614
0.4797979797979798
0.043478260869565216
-0.041666666666666685
0.0
0.3333333333333333
1.0555555555555556
0.6428571428571428
0.0
0.20833333333333334
0.1
0.0625
0.0893719806763285
0.0
0.46358543417366943
0.1111111111111111
-0.03308823529411765
0.125
0.0
0.10555555555555556
0.0
0.0
0.0
-0.19047619047619047
-0.11929824561403508
0.004545454545454547
1.0611111111111111
-0.24285714285714285
-0.12681159420289856
0.25
0.058823529411764705
1.0955882352941178
0.047619047619047616
-0.10449660633484163
0.08974358974358973
0.03571428571428571
0.0
0.043478260869565216
-1.1666666666666667
0.0
-0.2564102564102564
0.0
0.0
0.16666666666666666
-0.10101010101010101
0.1111111111111111
-0.07692307692307693
0.2444444444444444
-0.11499999999999999
0.75
0.4583333333333333
0.0
0.024390243902439025
0.03308823529411765
-0.01666666666666669
0.3333333333333333
1.3928571428571428
-0.1527777777777778
-0.1
0.0
-0.006410256410256401
0.15656565656565657
-0.0625
0.39285714285714285
0.24166666666666667
0.0
0.0
0.125
-0.0625
0.0
0.037037037037037035
-0.14285714285714285
0.025
0.0
-0.1
-0.10665712856115332
1.2824295587453483
0.16847826086956522
0.0
0.07692307692307693
0.0
-0.16666666666666666
0.06666666666666667
0.125
0.1625
-0.022328548644338114
1.0
0.3666666666666667
-0.14285714285714285
0.0625
0.0
0.0625
0.05
0.05
