-0.16
0.14285714285714285
-0.11403508771929824
0.1111111111111111
0.16666666666666666
0.125
-0.06666666666666667
0.0
0.0
0.0
0.125
0.0
0.0
0.0
-0.25
0.5333333333333333
1.2
0.5
0.1958333333333333
0.22777777777777775
0.0
0.0
0.5
0.0
0.0
0.25
0.0
0.0
0.0
0.037037037037037035
0.14285714285714285
0.3333333333333333
0.1736111111111111
0.16666666666666666
0.047619047619047616
0.0
0.0
-0.0625
0.0
0.06666666666666667
-0.38596491228070173
0.25
-0.004329004329004349
0.817156862745098
0.09444444444444444
0.0
0.0
0.0
0.5333333333333333
0.0
0.0
0.0
0.0
0.058823529411764705
0.19047619047619047
0.10892857142857143
0.17045454545454547
0.0
-0.9285714285714286
0.3088235294117647
0.3666666666666667
-0.25
0.06666666666666667
-0.14285714285714285
0.0
0.0
0.0
0.16666666666666666
-0.125
0.5714285714285714
0.03968253968253968
-0.38095238095238093
0.19285714285714284
-0.037037037037037035
0.4444444444444444
0.0
0.0
0.045454545454545456
0.03571428571428571
0.0
0.625
0.6037878787878788
0.3611111111111111
0.0
1.0583333333333333
0.1
0.07142857142857142
0.0
1.0
0.3333333333333333
0.0
1.0583333333333333
0.0
0.4782608695652174
0.07142857142857142
0.07692307692307693
0.08823529411764705
0.16666666666666666
-0.042857142857142844
0.14285714285714285
-0.16666666666666666
0.39215686274509803
0.0
-0.031746031746031744
0.0
0.08619811560988028
0.3333333333333333
-0.1111111111111111
0.0
-0.2552521008403361
0.9305555555555556
0.45168067226890757
0.03125
0.0
-0.09191176470588236
-0.24333333333333332
0.0
-0.04999999999999999
0.0
-0.125
0.0
0.0
0.0
0.125
-0.25
0.19497863247863248
-0.04
-0.17307692307692307
0.03030303030303029
0.0
0.05555555555555555
0.3214285714285714
0.14939024390243902
0.02058823529411765
0.0
0.0
-0.16666666666666666
-0.016666666666666663
0.9242424242424243
-0.1
0.2777777777777778
0.07619047619047618
-0.09090909090909091
0.0
0.17261904761904762
0.0
0.0
0.2
0.1
-0.02318840579710145
-0.10439560439560439
0.0
0.0
0.025
0.0
0.10416666666666666
0.14285714285714285
-0.18097826086956526
0.16233766233766234
0.08097826086956522
0.25
-0.3333333333333333
0.0
0.14835164835164835
0.125
0.1
0.5
-0.11805555555555555
0.1303030303030303
0.27361111111111114
0.06666666666666667
0.06666666666666667
0.0625
0.058823529411764705
0.0
